CEJA0002766667,053760592601,01,1,0,46200
CEJA0002766667,053760592601,09,5,0,5281
CEJA0002766667,053760592601,12,5,0,9006
CEJA0002766794,053760592601,12,1,0,400
CEJA0002766794,053760592601,09,1,0,500
CEJA0002766794,053760592601,01,1,0,46200
CEJA0002771318,053760592601,02,1,0,29700
CEJA0002771318,053760592601,12,3,0,1902
CEJA0002771318,053760592601,09,2,0,1000
CEJA0002771318,053760592601,01,1,0,46200
CEJA0002772666,053760592601,12,2,0,5152
CEJA0002772666,053760592601,09,3,0,4554
CEJA0002772666,053760592601,01,1,0,46200