21202,056040550901,CC,1001555194,,1,,EQUIPOMACROGOTERO-VENOCLISIS,1,3000,3000
21202,056040550901,CC,1001555194,,1,,CATETERINTRAVENOSONO.18,1,2000,2000
21202,056040550901,CC,1001555194,,1,,JERINGADESECHABLE10ML,3,500,1500
21202,056040550901,CC,1001555194,,1,,ADAPTADORTERAPIAINTERMITENTEATI,1,1800,1800
21202,056040550901,CC,35850504,,1,,JERINGADESECHABLE10ML,2,500,1000
21202,056040550901,CC,35850504,,1,,EQUIPOMACROGOTERO-VENOCLISIS,1,3000,3000
21202,056040550901,CC,35850504,,1,,CATETERINTRAVENOSONO.18,1,2000,2000
21202,056040550901,CC,15261023,,1,,CATETERINTRAVENOSONO.20,1,2500,2500
21202,056040550901,CC,15261023,,1,,EQUIPOMACROGOTERO-VENOCLISIS,1,3000,3000
21202,056040550901,CC,15261023,,1,,JERINGADESECHABLE20ML,1,800,800
21202,056040550901,CC,15261023,,1,,JERINGADESECHABLE01ML,1,300,300
21202,056040550901,CC,32210919,,1,,CATETERINTRAVENOSONO.20,1,2500,2500
21202,056040550901,CC,32210919,,1,,EQUIPOMACROGOTERO-VENOCLISIS,1,3000,3000
21202,056040550901,CC,32210919,,1,,JERINGADESECHABLE20ML,1,800,800
21202,056040550901,CC,22024252,,1,,JERINGADESECHABLE10ML,2,500,1000
21202,056040550901,CC,32210919,,1,,EQUIPOMACROGOTERO-VENOCLISIS,1,3000,3000
21202,056040550901,CC,32210919,,1,,CATETERINTRAVENOSONO.18,1,2000,2000
21202,056040550901,CC,32210919,,1,,JERINGADESECHABLE05ML,2,500,1000
21202,056040550901,CC,707868,,1,,JERINGADESECHABLE20ML,1,800,800
21202,056040550901,CC,707868,,1,,CATETERINTRAVENOSONO.18,1,2000,2000
21202,056040550901,CC,707868,,1,,ADAPTADORTERAPIAINTERMITENTEATI,1,1800,1800
21202,056040550901,CC,71194090,,1,,EQUIPOMACROGOTERO-VENOCLISIS,1,3000,3000
21202,056040550901,CC,71194090,,1,,CATETERINTRAVENOSONO.18,1,2000,2000
21202,056040550901,CC,71194090,,1,,JERINGADESECHABLE10ML,2,500,1000
21202,056040550901,CC,32210994,,1,,EQUIPOMACROGOTERO-VENOCLISIS,1,3000,3000
21202,056040550901,CC,32210994,,1,,CATETERINTRAVENOSONO.18,1,2000,2000
21202,056040550901,CC,32210994,,1,,JERINGADESECHABLE10ML,3,500,1500
21202,056040550901,CC,4825212,,1,,CATETERINTRAVENOSONO.20,1,2500,2500
21202,056040550901,CC,4825212,,1,,EQUIPOMACROGOTERO-VENOCLISIS,1,3000,3000
21202,056040550901,CC,4825212,,1,,JERINGADESECHABLE10ML,2,500,1000
21202,056040550901,CC,4825212,,1,,JERINGADESECHABLE20ML,2,800,1600