2892,050011110302,CC,15264048,,3,38222,HABITACION BIPERSONAL,25,0,0
2892,050011110302,CC,71339586,,3,38222,HABITACION BIPERSONAL,6,0,0
2892,050011110302,CC,1035437796,,3,38222,HABITACION BIPERSONAL,8,0,0
2892,050011110302,CC,22116629,,3,38222,HABITACION BIPERSONAL,14,0,0
2892,050011110302,CC,1036404879,,3,38222,HABITACION BIPERSONAL,4,0,0
2892,050011110302,CC,42868437,,3,38222,HABITACION BIPERSONAL,7,0,0
2892,050011110302,TI,1001229281,,3,38222,HABITACION BIPERSONAL,4,0,0
2892,050011110302,CC,98450083,,3,38222,HABITACION BIPERSONAL,7,0,0
2892,050011110302,CC,1035866746,,3,38222,HABITACION BIPERSONAL,5,0,0
2892,050011110302,CC,26329421,,3,38222,HABITACION BIPERSONAL,8,0,0
2892,050011110302,CC,1045439244,,3,38222,HABITACION BIPERSONAL,2,0,0
2892,050011110302,CC,15347467,,3,38222,HABITACION BIPERSONAL,1,0,0
2892,050011110302,CC,43080506,,3,38222,HABITACION BIPERSONAL,3,0,0
2892,050011110302,CC,35602522,,3,38222,HABITACION BIPERSONAL,11,0,0
2892,050011110302,CC,1038139439,,3,38222,HABITACION BIPERSONAL,2,0,0
2892,050011110302,CC,32327228,,3,38222,HABITACION BIPERSONAL,6,0,0
2892,050011110302,CC,1017202356,,3,38222,HABITACION BIPERSONAL,1,0,0
2892,050011110302,CC,32556097,,3,38222,HABITACION BIPERSONAL,23,0,0
2892,050011110302,CC,43414553,,3,38222,HABITACION BIPERSONAL,2,0,0
2892,050011110302,CC,1001452078,,3,38222,HABITACION BIPERSONAL,1,0,0
2892,050011110302,CC,32317962,,3,38222,HABITACION BIPERSONAL,3,0,0
2892,050011110302,CC,22116629,,3,38222,HABITACION BIPERSONAL,1,0,0
2892,050011110302,CC,21758451,,3,38222,HABITACION BIPERSONAL,16,0,0
2892,050011110302,CC,22564928,,3,38222,HABITACION BIPERSONAL,7,0,0
2892,050011110302,TI,100138317,,3,38222,HABITACION BIPERSONAL,8,0,0
2892,050011110302,CC,8128792,,3,38222,HABITACION BIPERSONAL,3,0,0
2892,050011110302,CC,70977638,,3,38222,HABITACION BIPERSONAL,2,0,0
2892,050011110302,CC,25244456,,3,38222,HABITACION BIPERSONAL,1,0,0
2892,050011110302,CC,71603335,,3,38222,HABITACION BIPERSONAL,12,0,0
