26147,050011162003,CC,21776297,0000900791,2,S33424,TIEMPODEESPERATRASLADOBASICOVALORPORHORA,1,32550,32550
26147,050011162003,CC,21776297,0000900791,2,S31301,TRASLADOTERRESTREBASICODEPACIENTESPRIMARIO,1,52000,52000
26147,050011162003,CC,71764663,0000898066,2,S31305,TRASLADOSIMPLE,1,52000,52000
26147,050011162003,CC,32507969,0000896669,2,S32305,TRASLADOSIMPLE,1,52000,52000
26147,050011162003,CC,3511529,0000895813,2,S31305,TRASLADOSIMPLE,1,52000,52000
26146,050011162003,CC,11377167,0000893788,2,S31303,TRASLADOSIMPLE,1,240000,240000
26146,050011162003,CC,43865472,0000893537,2,S31303,TRASLADOSIMPLE,1,52000,52000
26146,050011162003,CC,43004857,0000892641,2,S31303,TRASLADOSIMPLE,1,240000,240000
26146,050011162003,CC,8397111,0000888037,2,S32305,TRASLADOSIMPLE,1,52000,52000
26146,050011162003,CC,98583281,0000884720,2,S31304,TRASLADOREDONDO,1,104000,104000
26145,050011162003,CC,575812,0000889552,2,S33424,TIEMPODEESPERATRASLADOBASICOVALORPORHORA,1,16275,16275
26145,050011162003,CC,575812,0000889552,2,S31303,TRASLADOSIMPLE,1,52000,52000
26145,050011162003,CC,32349224,0000887396,2,S32305,TRASLADOSIMPLE,1,52000,52000
26145,050011162003,CC,32327036,0000883649,2,S33424,TIEMPODEESPERATRASLADOBASICOVALORPORHORA,1,32550,32550
26145,050011162003,CC,32327036,0000883649,2,S31304,TRASLADOREDONDO,1,104000,104000
26145,050011162003,CC,1036624804,0000882261,2,S31303,TRASLADOSIMPLE,1,52000,52000
26145,050011162003,CC,22127661,0000877408,2,S31302,TRASLADOTERRESTREBASICODEPACIENTESSECUNDARIO,1,104000,104000
26144,050011162003,CC,65694802,0000881072,2,S31305,TRASLADOSIMPLE,1,52000,52000
26144,050011162003,CC,32508221,0000880909,2,S31303,TRASLADOSIMPLE,1,26000,26000
26144,050011162003,CC,8257468,0000880283,2,S31303,TRASLADOSIMPLE,1,52000,52000
26144,050011162003,CC,21359282,0000880320,2,S31305,TRASLADOSIMPLE,1,52000,52000
26144,050011162003,CC,32349224,0000878755,2,S31305,TRASLADOSIMPLE,1,52000,52000
26143,050011162003,CC,27952688,0000878025,2,S31303,TRASLADOSIMPLE,1,52000,52000
26143,050011162003,CC,21993397,0000871363,2,S32305,TRASLADOSIMPLE,1,104000,104000
26143,050011162003,CC,30717938,0000875110,2,S31301,TRASLADOTERRESTREBASICODEPACIENTESPRIMARIO,1,240000,240000
26143,050011162003,RC,1091363160,0000873575,2,S31303,TRASLADOSIMPLE,1,52000,52000
26143,050011162003,CC,21993397,0000871356,2,S31305,TRASLADOSIMPLE,1,104000,104000
26142,050011162003,CC,21993397,0000871439,2,S31304,TRASLADOREDONDO,1,104000,104000
26142,050011162003,CC,22012628,0000866365,2,S31301,TRASLADOTERRESTREBASICODEPACIENTESPRIMARIO,1,26000,26000
26142,050011162003,CC,22127661,0000863134,2,S31304,TRASLADOREDONDO,1,104000,104000
26142,050011162003,CC,21573448,0000866309,2,S33424,TIEMPODEESPERATRASLADOBASICOVALORPORHORA,1,32550,32550
26142,050011162003,CC,21573448,0000866309,2,S31301,TRASLADOTERRESTREBASICODEPACIENTESPRIMARIO,1,52000,52000
26142,050011162003,TI,1001228290,0000864035,2,S31305,TRASLADOSIMPLE,1,52000,52000
26141,050011162003,CC,15350015,0000866457,2,S31301,TRASLADOTERRESTREBASICODEPACIENTESPRIMARIO,1,26000,26000
26141,050011162003,CC,32430701,0000866491,2,S31301,TRASLADOTERRESTREBASICODEPACIENTESPRIMARIO,1,52000,52000
26141,050011162003,CC,21669550,0000862226,2,S31301,TRASLADOTERRESTREBASICODEPACIENTESPRIMARIO,1,52000,52000
26141,050011162003,CC,21359282,0000862228,2,S31301,TRASLADOTERRESTREBASICODEPACIENTESPRIMARIO,1,52000,52000
26141,050011162003,CC,71678623,0000860897,2,S31301,TRASLADOTERRESTREBASICODEPACIENTESPRIMARIO,1,52000,52000
26140,050011162003,CC,21871388,0000861095,2,S31301,TRASLADOTERRESTREBASICODEPACIENTESPRIMARIO,1,52000,52000
26140,050011162003,CC,8316527,0000861064,2,S31301,TRASLADOTERRESTREBASICODEPACIENTESPRIMARIO,1,26000,26000
26140,050011162003,CC,9067427,0000860816,2,S31303,TRASLADOSIMPLE,1,52000,52000
26140,050011162003,CC,2939963,0000859152,2,S31301,TRASLADOTERRESTREBASICODEPACIENTESPRIMARIO,1,52000,52000
26140,050011162003,CC,32426240,0000852814,2,S33424,TIEMPODEESPERATRASLADOBASICOVALORPORHORA,1,16275,16275
26140,050011162003,CC,32426240,0000852814,2,S31306,TRASLADOREDONDO,1,104000,104000
26139,050011162003,CC,15376276,0000849314,2,S33424,TIEMPODEESPERATRASLADOBASICOVALORPORHORA,10,4650,48825
26139,050011162003,CC,15376276,0000849314,2,S31306,TRASLADOREDONDO,1,104000,104000
26139,050011162003,CC,43498250,0000851521,2,S33424,TIEMPODEESPERATRASLADOBASICOVALORPORHORA,10,4650,48825
26139,050011162003,CC,43498250,0000851521,2,S31303,TRASLADOSIMPLE,1,52000,52000
26139,050011162003,CC,70075354,0000850101,2,S31303,TRASLADOSIMPLE,1,52000,52000
26139,050011162003,CC,21993397,0000837577,2,S31303,TRASLADOSIMPLE,1,104000,104000
26139,050011162003,CC,50872200,0000839955,2,S31304,TRASLADOREDONDO,1,104000,104000
26138,050011162003,CC,32108232,0000840328,2,S33425,TIEMPODEESPERATRASLADOMEDICALIZADOVALORPORHORA,1,60000,60000
26138,050011162003,CC,32108232,0000840328,2,S31303,TRASLADOSIMPLE,1,240000,240000
26138,050011162003,CC,22097012,000083736,2,S31303,TRASLADOSIMPLE,1,52000,52000
26138,050011162003,RC,1033198007,0000836448,2,S31303,TRASLADOSIMPLE,1,52000,52000
26138,050011162003,TI,1000188841,0000833438,2,S31303,TRASLADOSIMPLE,1,52000,52000
26138,050011162003,TI,1000290103,0000832880,2,S31304,TRASLADOREDONDO,1,104000,104000
26137,050011162003,CC,43573724,0000844871,2,S31301,TRASLADOTERRESTREBASICODEPACIENTESPRIMARIO,1,104000,104000
26137,050011162003,CC,32398994,0000832167,2,S31303,TRASLADOSIMPLE,1,52000,52000
26137,050011162003,CC,11811990,0000831924,2,S31303,TRASLADOSIMPLE,1,52000,52000
26137,050011162003,CC,98500949,0000829823,2,S31305,TRASLADOSIMPLE,1,52000,52000
26137,050011162003,CC,22117359,0000826443,2,S33424,TIEMPODEESPERATRASLADOBASICOVALORPORHORA,1,32550,32550
26137,050011162003,CC,22117359,0000826443,2,S31306,TRASLADOREDONDO,1,104000,104000
26136,050011162003,CC,32426262,0000843575,2,S33424,TIEMPODEESPERATRASLADOBASICOVALORPORHORA,2,32550,65100
26136,050011162003,CC,32426262,0000843575,2,S31305,TRASLADOSIMPLE,1,52000,52000
26136,050011162003,CC,3412079,0000825349,2,S31304,TRASLADOREDONDO,1,104000,104000
26136,050011162003,CC,26255891,0000823346,2,S32305,TRASLADOSIMPLE,1,52000,52000
26136,050011162003,CC,22127661,0000818190,2,S33424,TIEMPODEESPERATRASLADOBASICOVALORPORHORA,2,32550,65100
26136,050011162003,CC,22127661,0000818190,2,S31305,TRASLADOSIMPLE,1,104000,104000
26135,050011162003,CC,4830597,0000822149,2,S32305,TRASLADOSIMPLE,1,240000,240000
26135,050011162003,CC,3479928,0000820281,2,S31303,TRASLADOSIMPLE,1,52000,52000
26135,050011162003,CC,3573293,0000812342,2,S31303,TRASLADOSIMPLE,1,26000,26000
26135,050011162003,CC,4829451,0000819395,2,S31305,TRASLADOSIMPLE,1,240000,240000
26135,050011162003,CC,43825288,0000851188,2,S33424,TIEMPODEESPERATRASLADOBASICOVALORPORHORA,1,32550,32550
26135,050011162003,CC,43825288,0000851188,2,S32305,TRASLADOSIMPLE,1,104000,104000
26134,050011162003,CC,3489993,0000813363,2,S31305,TRASLADOSIMPLE,1,52000,52000
26134,050011162003,CC,98592641,0000813364,2,S31305,TRASLADOSIMPLE,1,52000,52000
26134,050011162003,CC,21870852,0000813365,2,S33424,TIEMPODEESPERATRASLADOBASICOVALORPORHORA,1,32550,32550
26134,050011162003,CC,21870852,0000813365,2,S31305,TRASLADOSIMPLE,1,52000,52000
26134,050011162003,CC,98696446,0000813149,2,S31303,TRASLADOSIMPLE,1,52000,52000
26134,050011162003,CC,3573293,0000812342,2,S31303,TRASLADOSIMPLE,1,52000,52000
26133,050011162003,CC,3479964,0000811545,2,S31303,TRASLADOSIMPLE,1,52000,52000
26133,050011162003,CC,3448890,0000807000,2,S31301,TRASLADOTERRESTREBASICODEPACIENTESPRIMARIO,1,52000,52000
26133,050011162003,CC,26391679,0000805937,2,S31301,TRASLADOTERRESTREBASICODEPACIENTESPRIMARIO,1,52000,52000
26133,050011162003,CC,21520526,0000806965,2,S31303,TRASLADOSIMPLE,1,240000,240000
26133,050011162003,CC,43692222,0000801701,2,S31304,TRASLADOREDONDO,1,104000,104000
26132,050011162003,CC,22127661,0000801931,2,S31303,TRASLADOSIMPLE,1,104000,104000
26132,050011162003,CC,8115670,0000803906,2,S31301,TRASLADOTERRESTREBASICODEPACIENTESPRIMARIO,1,52000,52000
26132,050011162003,CC,98467123,0000800816,2,S31303,TRASLADOSIMPLE,1,52000,52000
26132,050011162003,RC,1013463990,0000799136,2,S31303,TRASLADOSIMPLE,1,52000,52000
26132,050011162003,RC,1078006373,0000798282,2,S33424,TIEMPODEESPERATRASLADOBASICOVALORPORHORA,2,32550,65100
26132,050011162003,RC,1078006373,0000798282,2,S31303,TRASLADOSIMPLE,1,52000,52000
26131,050011162003,CC,70040017,0000795986,2,S33424,TIEMPODEESPERATRASLADOBASICOVALORPORHORA,1,32550,32550
26131,050011162003,CC,70040017,0000795986,2,S31303,TRASLADOSIMPLE,1,52000,52000
26131,050011162003,CC,32317962,0000794498,2,S32305,TRASLADOSIMPLE,1,52000,52000
26131,050011162003,CC,32468012,0000851258,2,S31306,TRASLADOREDONDO,1,104000,104000
26131,050011162003,CC,707868,0000790864,2,S31303,TRASLADOSIMPLE,1,52000,52000
26131,050011162003,CC,70953614,0000787486,2,S31304,TRASLADOREDONDO,1,104000,104000
26130,050011162003,CC,21837291,0000787977,2,S31303,TRASLADOSIMPLE,1,26000,26000
26130,050011162003,CC,3399220,0000787358,2,S33424,TIEMPODEESPERATRASLADOBASICOVALORPORHORA,2,32550,65100
26130,050011162003,CC,3399220,0000787358,2,S31303,TRASLADOSIMPLE,1,52000,52000
26130,050011162003,CC,21758451,0000783071,2,S31303,TRASLADOSIMPLE,1,52000,52000
26130,050011162003,CC,21632461,0000781185,2,S31303,TRASLADOSIMPLE,1,660000,660000
26130,050011162003,CC,1036636742,0000781813,2,S31303,TRASLADOSIMPLE,1,52000,52000
26129,050011162003,CC,71694057,0000783112,2,S31303,TRASLADOSIMPLE,1,52000,52000
26129,050011162003,CC,3340719,0000781025,2,S33424,TIEMPODEESPERATRASLADOBASICOVALORPORHORA,1,32550,32550
26129,050011162003,CC,3340719,0000781025,2,S31304,TRASLADOREDONDO,1,104000,104000
26129,050011162003,CC,1035866746,0000781001,2,S31303,TRASLADOSIMPLE,1,52000,52000
26129,050011162003,TI,1000415693,0000778120,2,S31301,TRASLADOTERRESTREBASICODEPACIENTESPRIMARIO,1,52000,52000
26129,050011162003,CC,21997750,0000778283,2,S31306,TRASLADOREDONDO,1,52000,52000
26128,050011162003,CC,42777274,0000773433,2,S31302,TRASLADOTERRESTREBASICODEPACIENTESSECUNDARIO,1,52000,52000
26128,050011162003,CC,21869811,0000773181,2,S31301,TRASLADOTERRESTREBASICODEPACIENTESPRIMARIO,1,52000,52000
26128,050011162003,CC,21997750,0000773266,2,S31304,TRASLADOREDONDO,1,104000,104000
26128,050011162003,CC,42777274,0000773433,2,S31302,TRASLADOTERRESTREBASICODEPACIENTESSECUNDARIO,1,104000,104000
26128,050011162003,CC,782710,0000775422,2,S31301,TRASLADOTERRESTREBASICODEPACIENTESPRIMARIO,1,104000,104000
26127,050011162003,CC,21523151,0000775423,2,S31301,TRASLADOTERRESTREBASICODEPACIENTESPRIMARIO,1,52000,52000
26127,050011162003,CC,70977638,0000771535,2,S31301,TRASLADOTERRESTREBASICODEPACIENTESPRIMARIO,1,26000,26000
26127,050011162003,CC,3395197,0000767446,2,S31302,TRASLADOTERRESTREBASICODEPACIENTESSECUNDARIO,1,104000,104000
26127,050011162003,CC,22066873,0000769552,2,S31301,TRASLADOTERRESTREBASICODEPACIENTESPRIMARIO,1,240000,240000
26127,050011162003,CC,43662654,0000766245,2,S31301,TRASLADOTERRESTREBASICODEPACIENTESPRIMARIO,1,52000,52000